19139.0 31196.0 23012.0
130
198
117
- 
28716.0 7494.0 916.0
100
121
229
- 
27163.0 27664.0 32085.0
46
246
- 
25350.0 17713.0 1836.0
99
42
224
- 
24393.0 25926.0 17970.0
168
195
78
- 
27606.0 1528.0 25591.0
89
114
166
- 
24647.0 30530.0 9245.0
62
222
114
- 
7369.0 22848.0 23672.0
93
165
46
- 
395.0 7505.0 15136.0
18
158
170
- 
8378.0 11181.0 9010.0
205
214
122
- 
11572.0 1732.0 29751.0
126
149
35
- 
14200.0 6141.0 6495.0
187
123
97
- 
14200.0 2477.0 5407.0
148
132
114
- 
32089.0 16483.0 13009.0
49
26
184
- 
15437.0 14808.0 27487.0
42
170
218
- 
18944.0 25125.0 11047.0
54
148
159
- 
12886.0 24588.0 22167.0
172
66
- 
12907.0 32632.0 30772.0
235
216
153
- 
24336.0 19843.0 15880.0
142
152
- 
31295.0 15259.0 9644.0
161
209
- 
6204.0 18342.0 15716.0
153
166
- 
87.0 17714.0 1552.0
177
87
28
- 
32399.0 2061.0 5335.0
207
139
13
- 
29321.0 27364.0 25819.0
18
199
152
- 
7575.0 3253.0 10326.0
58
169
99
- 
21691.0 13879.0 9709.0
230
96
13
- 
7408.0 13443.0 6694.0
61
52
177
- 
10022.0 10410.0 32311.0
128
163
216
- 
28328.0 25593.0 19630.0
191
120
211
- 
14312.0 30483.0 12711.0
18
224
22
- 
9966.0 11830.0 22401.0
66
58
103
- 
27600.0 24379.0 597.0
138
16
79
- 
26881.0 15923.0 15270.0
18
148
86
- 
2661.0 29623.0 15599.0
96
229
89
- 
5464.0 31804.0 25385.0
84
65
45
- 
22839.0 31241.0 3682.0
58
73
184
- 
9485.0 11180.0 14311.0
14
121
66
- 
4714.0 14071.0 3785.0
58
92
35
- 
24207.0 31980.0 23958.0
128
190
96
- 
639.0 17706.0 11674.0
100
187
- 
20360.0 20397.0 23314.0
124
231
249
- 
22884.0 21001.0 27406.0
98
41
171
- 
14347.0 8548.0 16111.0
125
172
149
- 
31422.0 23767.0 2768.0
147
69
180
- 
21249.0 25606.0 2874.0
182
130
- 
22901.0 21515.0 11241.0
176
14
224
- 
10197.0 14597.0 29842.0
91
28
119
- 
10881.0 11502.0 29163.0
129
193
- 
20829.0 19593.0 16487.0
212
70
176
- 
31475.0 20859.0 11100.0
206
95
202
- 
26123.0 19699.0 20112.0
176
10
59
- 
30022.0 115.0 8548.0
165
231
139
- 
27989.0 14990.0 6675.0
234
192
100
- 
25062.0 31678.0 31930.0
142
11
251
- 
3681.0 2967.0 15663.0
108
163
- 
12033.0 8457.0 27596.0
78
245
126
- 
25589.0 24688.0 17582.0
219
45
83
- 
2957.0 18588.0 30253.0
206
104
10
- 
8605.0 17439.0 24169.0
36
51
152
- 
24985.0 1659.0 10562.0
78
51
93
- 
30237.0 13580.0 12059.0
54
78
226
- 
15320.0 10688.0 2607.0
235
229
167
- 
22296.0 29179.0 23402.0
10
68
- 
25194.0 5687.0 30975.0
180
56
250
- 
8705.0 18247.0 4147.0
37
161
26
- 
15085.0 21563.0 28947.0
197
120
182
- 
15938.0 22624.0 5653.0
186
247
204
- 
14275.0 29392.0 21197.0
31
143
36
- 
11435.0 8582.0 15423.0
237
228
148
- 
25253.0 6144.0 8828.0
208
99
133
- 
12317.0 11718.0 9853.0
19
68
17
- 
20072.0 23418.0 26761.0
11
162
91
- 
31606.0 15669.0 19072.0
226
22
- 
31758.0 18279.0 7906.0
61
76
134
- 
4286.0 22380.0 10350.0
120
204
132
- 
32527.0 7055.0 22438.0
205
245
158
- 
15763.0 1603.0 2729.0
32
148
158
- 
27880.0 11949.0 2322.0
38
163
158
- 
24786.0 13521.0 22755.0
169
14
11
- 
25572.0 2574.0 10923.0
185
60
- 
25990.0 28323.0 19042.0
252
24
26
- 
13610.0 7024.0 4013.0
88
214
10
- 
7956.0 31547.0 911.0
109
251
239
- 
32263.0 6424.0 10930.0
38
35
64
- 
29351.0 4555.0 27333.0
135
108
30
- 
15485.0 29749.0 9894.0
36
215
73
- 
31194.0 8498.0 16471.0
88
173
105
- 
11019.0 30068.0 233.0
29
157
230
- 
2724.0 26678.0 17890.0
187
132
47
- 
28606.0 24547.0 4294.0
193
115
30
- 
20615.0 23043.0 212.0
167
84
44
- 
27256.0 13834.0 10259.0
244
71
38
- 
25339.0 2788.0 25660.0
248
42
32
- 
11902.0 32071.0 14633.0
68
242
31
- 
1304.0 8511.0 28115.0
38
135
13
- 
29512.0 7018.0 11782.0
145
187
68
- 
31363.0 1750.0 587.0
121
48
127
- 
2180.0 10897.0 23744.0
157
148
86
- 
7578.0 22076.0 5335.0
165
218
183
- 
6507.0 24389.0 17709.0
126
53
129
- 
