19021.0 4702.0 2493.0
18587.0 8701.0 1302.0
14972.0 14572.0 29091.0
214
218
0.16595
- 
21820.0 19600.0 24987.0
10075.0 9638.0 24980.0
22792.0 16862.0 26362.0
116
153
0.21026
- 
4527.0 9873.0 17471.0
4452.0 17876.0 27037.0
15594.0 16695.0 19231.0
32
111
0.8241
- 
28779.0 9040.0 26644.0
26848.0 744.0 635.0
29167.0 4990.0 28603.0
91
158
0.2174
- 
1790.0 18193.0 1173.0
388.0 7730.0 12775.0
3326.0 32455.0 3886.0
143
0.27572
- 
4811.0 7828.0 31681.0
6033.0 19278.0 30465.0
18901.0 3964.0 1104.0
253
168
0.30850
- 
29451.0 12608.0 4896.0
26166.0 22592.0 32751.0
4208.0 1394.0 15175.0
236
202
1.17094
- 
20690.0 28896.0 23892.0
28816.0 12737.0 12147.0
7359.0 25380.0 24773.0
169
138
1.12434
- 
5103.0 5879.0 7667.0
21112.0 11121.0 1054.0
14783.0 23186.0 28900.0
90
1.16253
- 
7750.0 225.0 31448.0
2954.0 29152.0 30992.0
27289.0 8094.0 18147.0
157
63
0.30910
- 
27607.0 19103.0 27387.0
25856.0 29208.0 29706.0
25201.0 10930.0 1792.0
216
206
0.27169
- 
1049.0 5705.0 32157.0
29545.0 15965.0 2411.0
20917.0 13548.0 28085.0
22
202
1.15876
- 
26031.0 7607.0 22261.0
31721.0 31982.0 17518.0
32694.0 1079.0 20629.0
50
195
0.202
- 
20009.0 17179.0 14024.0
26406.0 27407.0 15033.0
10814.0 11799.0 8581.0
231
70
0.9190
- 
27375.0 16361.0 22189.0
21879.0 17224.0 24827.0
8541.0 26359.0 18524.0
189
151
1.22984
- 
31861.0 18044.0 21356.0
10240.0 17100.0 18625.0
5123.0 14923.0 4348.0
135
1.11623
- 
14101.0 22810.0 27471.0
27539.0 9996.0 23810.0
27250.0 15068.0 2911.0
210
109
0.17646
- 
27596.0 11588.0 11094.0
31645.0 13698.0 10518.0
17986.0 13306.0 21580.0
161
70
0.4840
- 
18585.0 24344.0 10203.0
20482.0 6828.0 20990.0
1036.0 19461.0 26397.0
210
152
0.12029
- 
3062.0 19932.0 29164.0
11237.0 8493.0 22187.0
14685.0 32311.0 17802.0
52
97
0.6276
- 
5205.0 22483.0 21753.0
346.0 24749.0 25986.0
15883.0 20740.0 3401.0
121
50
1.15300
- 
9709.0 14386.0 7890.0
9108.0 30873.0 26649.0
17567.0 2539.0 21918.0
136
87
0.8403
- 
26556.0 25415.0 16831.0
11581.0 10114.0 20005.0
30422.0 20520.0 3696.0
248
57
0.24236
- 
15016.0 8142.0 7224.0
7640.0 1298.0 22789.0
5755.0 28567.0 14201.0
50
163
1.23103
- 
32598.0 7296.0 13095.0
10864.0 16841.0 14165.0
19036.0 757.0 24079.0
173
43
1.32453
- 
29556.0 30019.0 15092.0
2163.0 1135.0 25217.0
5100.0 6068.0 4975.0
213
111
1.20823
- 
4691.0 12121.0 31044.0
13754.0 31266.0 9790.0
16867.0 11065.0 9690.0
202
196
0.15005
- 
1788.0 9620.0 10462.0
828.0 800.0 25450.0
15326.0 15099.0 1770.0
156
45
0.30905
- 
16705.0 30959.0 18558.0
14010.0 21313.0 3624.0
6510.0 15196.0 25407.0
59
85
0.14683
- 
27250.0 6479.0 15363.0
9462.0 6687.0 266.0
13765.0 25878.0 4297.0
100
182
0.26511
- 
17695.0 15066.0 24149.0
5642.0 14316.0 10485.0
31935.0 19424.0 370.0
186
22
0.29169
- 
13417.0 25179.0 26022.0
11468.0 15097.0 8581.0
18130.0 26508.0 16686.0
62
28
0.14774
- 
15709.0 26021.0 1156.0
3187.0 1013.0 30894.0
11575.0 10798.0 11140.0
36
206
0.15988
- 
20330.0 24285.0 6710.0
22785.0 75.0 31971.0
5991.0 8162.0 9100.0
194
176
1.12546
- 
24219.0 21797.0 626.0
23292.0 13953.0 8504.0
9008.0 26907.0 15696.0
244
125
0.16587
- 
3149.0 16530.0 32660.0
3724.0 8030.0 3753.0
2739.0 27461.0 29736.0
196
37
0.1344
- 
22810.0 6556.0 19543.0
7697.0 22291.0 7593.0
16516.0 20945.0 22337.0
123
214
0.24409
- 
24787.0 13208.0 20831.0
8887.0 10201.0 356.0
31903.0 27463.0 22134.0
11
116
1.18662
- 
25909.0 8903.0 4227.0
31268.0 29237.0 17115.0
24396.0 29695.0 30789.0
103
70
0.17229
- 
13593.0 7293.0 13099.0
16129.0 18576.0 3742.0
5748.0 10851.0 32754.0
113
82
1.31372
- 
19819.0 26188.0 30369.0
18024.0 24498.0 6441.0
16178.0 28283.0 29282.0
167
0.6079
- 
8924.0 25859.0 10949.0
20684.0 25855.0 4352.0
8420.0 3180.0 13157.0
73
79
0.22439
- 
22714.0 31011.0 18928.0
10910.0 5059.0 27004.0
23749.0 28093.0 25036.0
134
107
0.8134
- 
940.0 24585.0 18675.0
4516.0 29943.0 31677.0
23132.0 5658.0 2750.0
150
58
0.23324
- 
30040.0 7148.0 11979.0
28428.0 23967.0 30227.0
27044.0 23514.0 21358.0
97
1.25374
- 
12146.0 16491.0 11601.0
16922.0 129.0 24952.0
29378.0 18497.0 31195.0
94
111
0.4775
- 
17169.0 31829.0 15601.0
4626.0 31042.0 19880.0
14727.0 26087.0 20287.0
200
69
1.31785
- 
27391.0 17377.0 8765.0
147.0 7173.0 32318.0
29202.0 24201.0 15102.0
25
238
0.12325
- 
28114.0 31224.0 13168.0
9467.0 3957.0 2020.0
22384.0 23796.0 21471.0
84
13
0.20290
- 
20095.0 23070.0 6124.0
1651.0 9528.0 9041.0
3450.0 1682.0 1474.0
142
136
1.70
- 
31787.0 9051.0 18466.0
2554.0 30295.0 5182.0
26500.0 9460.0 19533.0
95
213
0.29376
- 
28162.0 2497.0 23076.0
22921.0 14172.0 16592.0
22236.0 27630.0 7110.0
33
174
1.20019
- 
6857.0 28662.0 9236.0
32635.0 3571.0 10422.0
19803.0 27216.0 30133.0
76
150
1.8223
- 
23156.0 28633.0 2599.0
29877.0 28118.0 26759.0
21735.0 3677.0 27249.0
178
138
1.17445
- 
21818.0 1649.0 16218.0
291.0 16300.0 23570.0
5070.0 18176.0 23211.0
180
121
1.31264
- 
14277.0 17417.0 16087.0
25104.0 9773.0 22122.0
32291.0 4893.0 20337.0
165
0.6922
- 
25979.0 12916.0 21013.0
32064.0 17545.0 8067.0
6791.0 27221.0 19017.0
205
13
0.6376
- 
13577.0 6790.0 16157.0
2594.0 5864.0 7811.0
22434.0 28516.0 1518.0
196
78
0.30630
- 
7968.0 7100.0 17852.0
15730.0 13728.0 11733.0
26341.0 19160.0 21769.0
50
146
1.29791
- 
15834.0 32404.0 10005.0
26356.0 20195.0 25952.0
10297.0 14638.0 29826.0
37
0.14799
- 
18447.0 26709.0 18657.0
15313.0 23347.0 12968.0
28907.0 30706.0 11870.0
249
57
1.15970
- 
20547.0 17191.0 32404.0
9969.0 6428.0 20297.0
23400.0 27909.0 4212.0
52
234
0.21175
- 
16426.0 17963.0 12557.0
488.0 575.0 29236.0
12882.0 22837.0 10568.0
198
140
1.22916
- 
4345.0 23754.0 26616.0
27386.0 25344.0 27577.0
25438.0 23158.0 24780.0
21
196
0.359
- 
31330.0 29773.0 361.0
11564.0 9610.0 10924.0
27906.0 7038.0 12157.0
174
231
0.9844
- 
4022.0 3852.0 10345.0
31776.0 12227.0 7669.0
14267.0 32328.0 27703.0
58
133
1.10448
- 
19710.0 23193.0 2632.0
23783.0 15988.0 21055.0
24436.0 18503.0 24041.0
202
64
1.12607
- 
16357.0 244.0 28406.0
26834.0 26951.0 12479.0
1791.0 10423.0 5845.0
231
138
0.24862
- 
21536.0 7849.0 29909.0
12200.0 27416.0 18753.0
16583.0 6625.0 11906.0
55
245
0.10499
- 
1547.0 14156.0 32301.0
16012.0 3993.0 12904.0
25287.0 14137.0 14695.0
35
199
1.32313
- 
22737.0 32566.0 32624.0
8885.0 4733.0 9740.0
13209.0 8053.0 5831.0
37
17
1.20442
- 
28814.0 20687.0 17444.0
23625.0 29211.0 14295.0
11072.0 13466.0 6519.0
54
62
1.6027
- 
14357.0 9043.0 633.0
11290.0 7403.0 30859.0
13792.0 15860.0 4977.0
180
0.1532
- 
21188.0 32626.0 3851.0
29506.0 20931.0 2110.0
21638.0 12152.0 29298.0
187
104
1.14735
- 
28892.0 2343.0 23204.0
22592.0 1439.0 21915.0
15696.0 8034.0 3337.0
89
216
0.2670
- 
4983.0 27491.0 30909.0
1730.0 6693.0 18577.0
24765.0 22109.0 456.0
222
67
1.24499
- 
7364.0 26644.0 23815.0
7738.0 19564.0 13984.0
31513.0 16421.0 9869.0
42
227
0.21682
- 
9277.0 16246.0 27117.0
26903.0 22297.0 21762.0
9254.0 14861.0 5261.0
94
80
0.13705
- 
30480.0 15467.0 21112.0
4644.0 28954.0 20475.0
32509.0 4659.0 11857.0
221
246
0.22105
- 
21849.0 25620.0 17890.0
8935.0 16188.0 24579.0
11404.0 18888.0 31547.0
182
186
1.30827
- 
1593.0 24347.0 29445.0
11079.0 30577.0 335.0
28947.0 12382.0 25259.0
210
163
0.20585
- 
8694.0 13550.0 31198.0
13173.0 10150.0 31140.0
939.0 641.0 6261.0
200
234
0.14070
- 
20487.0 4608.0 18306.0
3050.0 19037.0 31917.0
10925.0 26639.0 22329.0
218
142
0.2031
- 
13063.0 5881.0 24482.0
31643.0 2945.0 8018.0
3206.0 12645.0 2566.0
157
38
1.10755
- 
1307.0 22974.0 1664.0
10985.0 32144.0 17956.0
27196.0 1574.0 21699.0
32
171
1.22066
- 
17168.0 3972.0 12465.0
14968.0 4716.0 13099.0
32208.0 25385.0 16241.0
62
148
0.2826
- 
6206.0 26695.0 17202.0
31634.0 14461.0 19273.0
811.0 25574.0 23807.0
202
212
0.9327
- 
21396.0 10860.0 16445.0
6706.0 15049.0 2960.0
1990.0 29935.0 16325.0
127
30
1.11808
- 
3845.0 20351.0 26625.0
18007.0 21174.0 6827.0
4610.0 15112.0 23751.0
69
33
1.10233
- 
21780.0 27819.0 25571.0
13369.0 4459.0 32422.0
6706.0 2244.0 30875.0
23
179
1.20954
- 
21633.0 16804.0 19430.0
25938.0 10467.0 17758.0
13907.0 23669.0 23166.0
248
1.31544
- 
3251.0 4577.0 28580.0
32740.0 15935.0 13005.0
3953.0 12042.0 16992.0
38
58
1.7656
- 
17429.0 23890.0 2240.0
4536.0 17143.0 16628.0
28483.0 4916.0 25528.0
119
214
0.18652
- 
14074.0 13965.0 32700.0
7017.0 13795.0 25704.0
19375.0 14152.0 25183.0
65
1.14629
- 
20902.0 30056.0 25149.0
29599.0 22341.0 18078.0
17573.0 21897.0 29792.0
16
253
1.31291
- 
13662.0 9723.0 2883.0
7806.0 8777.0 2664.0
13239.0 7733.0 18730.0
100
217
0.19044
- 
30148.0 284.0 22551.0
17358.0 23462.0 15447.0
13831.0 30820.0 23285.0
197
214
0.1726
- 
3177.0 6727.0 29884.0
30496.0 8408.0 7795.0
19723.0 17401.0 11332.0
223
36
1.11092
- 
10110.0 30451.0 15275.0
5997.0 31959.0 16186.0
18973.0 30083.0 2194.0
181
152
1.29107
- 
10938.0 9692.0 4610.0
1113.0 23210.0 6822.0
28954.0 19708.0 29770.0
117
87
1.8993
- 
